0 0 0 0 0 0 0 0 
0 0 0 0 0 0 0 0 
0 0 0 0 0 0 0 0 
0 0 0 0 0 0 0 0 
0 0 0 0 0 0 0 0 
0 0 0 0 0 0 0 0 
0 0 0 0 0 0 0 0 
0 0 0 0 0 0 0 0 

0 0 0 0 0 0 0 0 
0 9.07157e-185 1.47276e-184 1.65463e-184 1.49077e-184 1.07711e-184 5.38557e-185 0 
0 1.47276e-184 2.39101e-184 2.68628e-184 2.42025e-184 1.74868e-184 8.74341e-185 0 
0 1.65463e-184 2.68628e-184 3.018e-184 2.71913e-184 1.96463e-184 9.82313e-185 0 
0 1.49077e-184 2.42025e-184 2.71913e-184 2.44985e-184 1.77007e-184 8.85034e-185 0 
0 1.07711e-184 1.74868e-184 1.96463e-184 1.77007e-184 1.27891e-184 6.39455e-185 0 
0 5.38557e-185 8.74341e-185 9.82313e-185 8.85034e-185 6.39455e-185 3.19728e-185 0 
0 0 0 0 0 0 0 0 

0 0 0 0 0 0 0 0 
0 1.47276e-184 2.39101e-184 2.68628e-184 2.42025e-184 1.74868e-184 8.74341e-185 0 
0 2.39101e-184 3.88178e-184 4.36114e-184 3.92925e-184 2.83897e-184 1.41948e-184 0 
0 2.68628e-184 4.36114e-184 4.8997e-184 4.41448e-184 3.18955e-184 1.59478e-184 0 
0 2.42025e-184 3.92925e-184 4.41448e-184 3.97731e-184 2.87369e-184 1.43684e-184 0 
0 1.74868e-184 2.83897e-184 3.18955e-184 2.87369e-184 2.0763e-184 1.03815e-184 0 
0 8.74341e-185 1.41948e-184 1.59478e-184 1.43684e-184 1.03815e-184 5.19075e-185 0 
0 0 0 0 0 0 0 0 

0 0 0 0 0 0 0 0 
0 1.65463e-184 2.68628e-184 3.018e-184 2.71913e-184 1.96463e-184 9.82313e-185 0 
0 2.68628e-184 4.36114e-184 4.8997e-184 4.41448e-184 3.18955e-184 1.59478e-184 0 
0 3.018e-184 4.8997e-184 5.50476e-184 4.95962e-184 3.58343e-184 1.79171e-184 0 
0 2.71913e-184 4.41448e-184 4.95962e-184 4.46846e-184 3.22856e-184 1.61428e-184 0 
0 1.96463e-184 3.18955e-184 3.58343e-184 3.22856e-184 2.3327e-184 1.16635e-184 0 
0 9.82313e-185 1.59478e-184 1.79171e-184 1.61428e-184 1.16635e-184 5.83175e-185 0 
0 0 0 0 0 0 0 0 

0 0 0 0 0 0 0 0 
0 1.49077e-184 2.42025e-184 2.71913e-184 2.44985e-184 1.77007e-184 8.85034e-185 0 
0 2.42025e-184 3.92925e-184 4.41448e-184 3.97731e-184 2.87369e-184 1.43684e-184 0 
0 2.71913e-184 4.41448e-184 4.95962e-184 4.46846e-184 3.22856e-184 1.61428e-184 0 
0 2.44985e-184 3.97731e-184 4.46846e-184 4.02595e-184 2.90883e-184 1.45442e-184 0 
0 1.77007e-184 2.87369e-184 3.22856e-184 2.90883e-184 2.10169e-184 1.05085e-184 0 
0 8.85034e-185 1.43684e-184 1.61428e-184 1.45442e-184 1.05085e-184 5.25423e-185 0 
0 0 0 0 0 0 0 0 

0 0 0 0 0 0 0 0 
0 1.07711e-184 1.74868e-184 1.96463e-184 1.77007e-184 1.27891e-184 6.39455e-185 0 
0 1.74868e-184 2.83897e-184 3.18955e-184 2.87369e-184 2.0763e-184 1.03815e-184 0 
0 1.96463e-184 3.18955e-184 3.58343e-184 3.22856e-184 2.3327e-184 1.16635e-184 0 
0 1.77007e-184 2.87369e-184 3.22856e-184 2.90883e-184 2.10169e-184 1.05085e-184 0 
0 1.27891e-184 2.0763e-184 2.3327e-184 2.10169e-184 1.51852e-184 7.59258e-185 0 
0 6.39455e-185 1.03815e-184 1.16635e-184 1.05085e-184 7.59258e-185 3.79629e-185 0 
0 0 0 0 0 0 0 0 

0 0 0 0 0 0 0 0 
0 5.38557e-185 8.74341e-185 9.82313e-185 8.85034e-185 6.39455e-185 3.19728e-185 0 
0 8.74341e-185 1.41948e-184 1.59478e-184 1.43684e-184 1.03815e-184 5.19075e-185 0 
0 9.82313e-185 1.59478e-184 1.79171e-184 1.61428e-184 1.16635e-184 5.83175e-185 0 
0 8.85034e-185 1.43684e-184 1.61428e-184 1.45442e-184 1.05085e-184 5.25423e-185 0 
0 6.39455e-185 1.03815e-184 1.16635e-184 1.05085e-184 7.59258e-185 3.79629e-185 0 
0 3.19728e-185 5.19075e-185 5.83175e-185 5.25423e-185 3.79629e-185 1.89814e-185 0 
0 0 0 0 0 0 0 0 

0 0 0 0 0 0 0 0 
0 0 0 0 0 0 0 0 
0 0 0 0 0 0 0 0 
0 0 0 0 0 0 0 0 
0 0 0 0 0 0 0 0 
0 0 0 0 0 0 0 0 
0 0 0 0 0 0 0 0 
0 0 0 0 0 0 0 0 

